{
 "cells": [
  {
   "cell_type": "code",
   "execution_count": 161,
   "metadata": {},
   "outputs": [],
   "source": [
    "import math\n",
    "import random\n",
    "from statistics import mean\n",
    "import numpy as np\n",
    "import matplotlib.pyplot as plt"
   ]
  },
  {
   "cell_type": "code",
   "execution_count": 117,
   "metadata": {},
   "outputs": [],
   "source": [
    "def energie(chemin, dist):\n",
    "  distance = 0\n",
    "  n = len(chemin)\n",
    "  for i in range(n-1):\n",
    "    distance += dist[chemin[i]][chemin[i+1]]\n",
    "  return distance + dist[chemin[n-1]][chemin[0]]"
   ]
  },
  {
   "cell_type": "code",
   "execution_count": 124,
   "metadata": {},
   "outputs": [],
   "source": [
    "def RS(dist, t_init, t_min, coeff):\n",
    "  n = len(dist)\n",
    "  chemin = [i for i in range(n)]\n",
    "  E = energie(chemin, dist)\n",
    "  temp = t_init\n",
    "  compt=0\n",
    "  while temp > t_min:\n",
    "    sommet1 = random.randint(0, n-1)\n",
    "    sommet2 = random.randint(0, n-1)\n",
    "    chemin_b = chemin[:]\n",
    "    temporaire = chemin_b[sommet1]\n",
    "    chemin_b[sommet1] = chemin[sommet2]\n",
    "    chemin_b[sommet2] = temporaire\n",
    "    E_b = energie(chemin_b, dist)\n",
    "    if (E_b < E) or (random.random() < math.exp((E - E_b) / temp)):\n",
    "      chemin = chemin_b\n",
    "      E = E_b\n",
    "    temp *= coeff\n",
    "    compt+=1\n",
    "  return chemin,compt      \n",
    "    "
   ]
  },
  {
   "cell_type": "code",
   "execution_count": 120,
   "metadata": {},
   "outputs": [],
   "source": [
    "M5 = [[0, 726, 527, 751, 72], [726, 0, 699, 509, 472], [527, 699, 0, 481, 177], [751, 509, 481, 0, 899], [72, 472, 177, 899, 0]] \n",
    "M10 = [[0, 104, 728, 376, 115, 16, 268, 595, 519, 185], [104, 0, 601, 79, 949, 353, 922, 113, 844, 607], [728, 601, 0, 834, 946, 925, 792, 678, 506, 429], [376, 79, 834, 0, 381, 686, 435, 870, 678, 557], [115, 949, 946, 381, 0, 867, 43, 344, 150, 865], [16, 353, 925, 686, 867, 0, 675, 647, 824, 563], [268, 922, 792, 435, 43, 675, 0, 384, 325, 189], [595, 113, 678, 870, 344, 647, 384, 0, 484, 22], [519, 844, 506, 678, 150, 824, 325, 484, 0, 156], [185, 607, 429, 557, 865, 563, 189, 22, 156, 0]] \n",
    "M25 = [[0, 142, 63, 499, 76, 648, 8, 178, 892, 621, 230, 582, 799, 430, 551, 337, 451, 629, 820, 242, 732, 260, 530, 368, 358], [142, 0, 264, 979, 27, 31, 698, 7, 240, 42, 369, 297, 134, 946, 128, 838, 475, 911, 747, 16, 659, 191, 275, 563, 734], [63, 264, 0, 939, 45, 537, 424, 608, 572, 121, 429, 826, 191, 581, 519, 68, 553, 521, 562, 540, 72, 765, 734, 34, 110], [499, 979, 939, 0, 615, 641, 414, 918, 701, 222, 825, 172, 204, 533, 89, 298, 31, 432, 946, 978, 796, 370, 68, 693, 478], [76, 27, 45, 615, 0, 991, 32, 211, 659, 769, 928, 852, 264, 726, 322, 183, 947, 924, 849, 781, 133, 45, 502, 87, 74], [648, 31, 537, 641, 991, 0, 915, 827, 244, 691, 83, 383, 638, 374, 282, 977, 848, 837, 353, 505, 230, 70, 951, 707, 518], [8, 698, 424, 414, 32, 915, 0, 714, 172, 572, 934, 14, 932, 259, 957, 520, 50, 295, 172, 148, 578, 980, 334, 470, 244], [178, 7, 608, 918, 211, 827, 714, 0, 727, 342, 646, 743, 231, 339, 849, 170, 864, 644, 640, 497, 604, 184, 501, 946, 294], [892, 240, 572, 701, 659, 244, 172, 727, 0, 713, 983, 834, 638, 481, 603, 826, 93, 351, 309, 33, 57, 425, 249, 125, 573], [621, 42, 121, 222, 769, 691, 572, 342, 713, 0, 532, 824, 713, 298, 20, 36, 809, 294, 521, 651, 657, 342, 427, 912, 580], [230, 369, 429, 825, 928, 83, 934, 646, 983, 532, 0, 305, 380, 950, 721, 183, 355, 89, 198, 135, 912, 510, 322, 598, 422], [582, 297, 826, 172, 852, 383, 14, 743, 834, 824, 305, 0, 690, 138, 63, 756, 58, 750, 489, 653, 538, 622, 287, 194, 448], [799, 134, 191, 204, 264, 638, 932, 231, 638, 713, 380, 690, 0, 784, 658, 574, 168, 860, 870, 904, 106, 435, 182, 54, 907], [430, 946, 581, 533, 726, 374, 259, 339, 481, 298, 950, 138, 784, 0, 301, 900, 344, 645, 513, 413, 914, 748, 337, 30, 12], [551, 128, 519, 89, 322, 282, 957, 849, 603, 20, 721, 63, 658, 301, 0, 360, 901, 761, 672, 686, 458, 270, 574, 609, 877], [337, 838, 68, 298, 183, 977, 520, 170, 826, 36, 183, 756, 574, 900, 360, 0, 70, 843, 622, 733, 808, 52, 94, 53, 911], [451, 475, 553, 31, 947, 848, 50, 864, 93, 809, 355, 58, 168, 344, 901, 70, 0, 216, 60, 276, 839, 621, 449, 611, 674], [629, 911, 521, 432, 924, 837, 295, 644, 351, 294, 89, 750, 860, 645, 761, 843, 216, 0, 274, 719, 690, 880, 412, 788, 676], [820, 747, 562, 946, 849, 353, 172, 640, 309, 521, 198, 489, 870, 513, 672, 622, 60, 274, 0, 959, 392, 331, 752, 760, 716], [242, 16, 540, 978, 781, 505, 148, 497, 33, 651, 135, 653, 904, 413, 686, 733, 276, 719, 959, 0, 463, 443, 651, 295, 122], [732, 659, 72, 796, 133, 230, 578, 604, 57, 657, 912, 538, 106, 914, 458, 808, 839, 690, 392, 463, 0, 459, 531, 626, 233], [260, 191, 765, 370, 45, 70, 980, 184, 425, 342, 510, 622, 435, 748, 270, 52, 621, 880, 331, 443, 459, 0, 265, 722, 620], [530, 275, 734, 68, 502, 951, 334, 501, 249, 427, 322, 287, 182, 337, 574, 94, 449, 412, 752, 651, 531, 265, 0, 88, 236], [368, 563, 34, 693, 87, 707, 470, 946, 125, 912, 598, 194, 54, 30, 609, 53, 611, 788, 760, 295, 626, 722, 88, 0, 766], [358, 734, 110, 478, 74, 518, 244, 294, 573, 580, 422, 448, 907, 12, 877, 911, 674, 676, 716, 122, 233, 620, 236, 766, 0]] \n",
    "M50 = [[0, 221, 461, 506, 745, 526, 657, 672, 685, 35, 225, 153, 868, 199, 309, 876, 208, 944, 134, 101, 514, 559, 375, 412, 205, 472, 658, 38, 25, 627, 340, 186, 777, 405, 87, 231, 137, 319, 872, 258, 554, 868, 32, 882, 868, 466, 886, 615, 207, 788], [221, 0, 989, 915, 268, 790, 552, 589, 703, 472, 589, 257, 164, 580, 138, 484, 890, 122, 287, 433, 708, 799, 313, 437, 254, 909, 982, 427, 926, 324, 4, 731, 102, 774, 644, 691, 586, 594, 78, 173, 487, 698, 631, 758, 209, 598, 138, 370, 406, 773], [461, 989, 0, 37, 304, 613, 3, 961, 456, 759, 2, 485, 366, 891, 979, 676, 653, 708, 923, 198, 783, 339, 876, 463, 391, 958, 673, 747, 427, 450, 213, 463, 873, 486, 98, 258, 632, 668, 840, 125, 492, 893, 178, 271, 985, 292, 228, 537, 169, 348], [506, 915, 37, 0, 56, 895, 686, 577, 692, 610, 45, 478, 560, 702, 32, 972, 41, 684, 289, 555, 581, 513, 348, 313, 602, 889, 62, 372, 324, 883, 340, 727, 749, 64, 535, 912, 632, 515, 620, 750, 528, 704, 643, 350, 910, 149, 362, 388, 813, 129], [745, 268, 304, 56, 0, 610, 773, 451, 657, 87, 584, 22, 485, 194, 418, 286, 548, 468, 895, 525, 441, 54, 647, 968, 975, 257, 278, 929, 845, 79, 250, 234, 259, 484, 235, 563, 388, 415, 655, 368, 737, 677, 484, 967, 98, 684, 983, 783, 417, 519], [526, 790, 613, 895, 610, 0, 880, 467, 475, 325, 304, 327, 938, 535, 239, 849, 988, 765, 890, 333, 965, 272, 997, 189, 107, 525, 421, 407, 346, 570, 810, 993, 879, 780, 634, 216, 415, 217, 832, 775, 309, 536, 80, 80, 690, 992, 450, 316, 892, 186], [657, 552, 3, 686, 773, 880, 0, 716, 67, 927, 915, 36, 795, 511, 804, 947, 84, 25, 574, 372, 270, 641, 942, 699, 440, 533, 793, 792, 146, 628, 23, 438, 879, 375, 8, 396, 857, 732, 97, 114, 302, 286, 867, 212, 971, 203, 897, 675, 205, 557], [672, 589, 961, 577, 451, 467, 716, 0, 906, 709, 889, 893, 366, 560, 656, 16, 530, 227, 232, 30, 699, 94, 897, 791, 973, 114, 557, 147, 589, 673, 951, 384, 793, 387, 903, 140, 498, 325, 164, 710, 772, 135, 786, 356, 336, 692, 715, 161, 530, 639], [685, 703, 456, 692, 657, 475, 67, 906, 0, 628, 282, 353, 705, 421, 722, 896, 29, 794, 374, 188, 534, 29, 480, 292, 968, 527, 445, 637, 246, 453, 466, 375, 45, 221, 395, 605, 902, 294, 134, 406, 921, 960, 658, 496, 460, 1000, 833, 151, 383, 22], [35, 472, 759, 610, 87, 325, 927, 709, 628, 0, 704, 112, 54, 736, 630, 908, 984, 599, 370, 773, 302, 720, 651, 848, 300, 865, 511, 370, 258, 496, 823, 414, 470, 381, 429, 574, 827, 330, 822, 270, 247, 652, 688, 565, 347, 389, 623, 239, 437, 723], [225, 589, 2, 45, 584, 304, 915, 889, 282, 704, 0, 641, 696, 573, 583, 177, 649, 405, 531, 677, 235, 101, 50, 389, 16, 22, 790, 196, 8, 797, 697, 348, 9, 171, 158, 105, 302, 456, 167, 530, 234, 178, 475, 778, 857, 840, 492, 631, 238, 909], [153, 257, 485, 478, 22, 327, 36, 893, 353, 112, 641, 0, 134, 675, 780, 274, 749, 953, 952, 924, 467, 188, 687, 22, 490, 620, 210, 600, 594, 928, 479, 797, 76, 760, 20, 58, 361, 344, 950, 449, 116, 254, 326, 458, 127, 97, 590, 9, 103, 942], [868, 164, 366, 560, 485, 938, 795, 366, 705, 54, 696, 134, 0, 210, 383, 133, 508, 248, 439, 917, 938, 777, 642, 11, 909, 391, 765, 471, 938, 814, 297, 786, 691, 350, 722, 390, 659, 399, 621, 292, 29, 485, 91, 135, 658, 462, 16, 771, 816, 82], [199, 580, 891, 702, 194, 535, 511, 560, 421, 736, 573, 675, 210, 0, 972, 775, 372, 604, 215, 223, 31, 688, 426, 600, 856, 383, 775, 626, 695, 302, 443, 837, 414, 859, 921, 798, 587, 272, 368, 246, 163, 454, 942, 389, 64, 887, 248, 46, 864, 574], [309, 138, 979, 32, 418, 239, 804, 656, 722, 630, 583, 780, 383, 972, 0, 871, 889, 857, 801, 309, 101, 822, 733, 709, 935, 290, 126, 761, 492, 853, 927, 916, 233, 662, 412, 904, 342, 611, 621, 488, 259, 344, 496, 119, 778, 556, 803, 439, 842, 325], [876, 484, 676, 972, 286, 849, 947, 16, 896, 908, 177, 274, 133, 775, 871, 0, 750, 695, 303, 879, 977, 297, 105, 247, 438, 68, 388, 40, 465, 904, 812, 367, 83, 597, 911, 529, 983, 668, 987, 673, 606, 347, 976, 59, 686, 89, 112, 762, 178, 542], [208, 890, 653, 41, 548, 988, 84, 530, 29, 984, 649, 749, 508, 372, 889, 750, 0, 553, 78, 87, 515, 10, 495, 634, 982, 923, 524, 916, 421, 894, 870, 257, 703, 70, 4, 655, 929, 643, 547, 380, 353, 443, 923, 123, 88, 194, 45, 151, 163, 348], [944, 122, 708, 684, 468, 765, 25, 227, 794, 599, 405, 953, 248, 604, 857, 695, 553, 0, 164, 250, 544, 279, 936, 837, 20, 916, 995, 837, 933, 6, 915, 590, 999, 768, 596, 469, 612, 522, 754, 436, 581, 243, 165, 506, 36, 856, 764, 14, 82, 628], [134, 287, 923, 289, 895, 890, 574, 232, 374, 370, 531, 952, 439, 215, 801, 303, 78, 164, 0, 305, 219, 772, 582, 152, 302, 347, 483, 272, 132, 304, 474, 514, 667, 476, 597, 202, 806, 356, 83, 324, 802, 878, 404, 33, 430, 733, 330, 81, 601, 963], [101, 433, 198, 555, 525, 333, 372, 30, 188, 773, 677, 924, 917, 223, 309, 879, 87, 250, 305, 0, 618, 226, 266, 468, 67, 102, 533, 828, 491, 532, 686, 378, 665, 493, 926, 94, 163, 480, 340, 79, 159, 239, 186, 426, 420, 240, 177, 541, 281, 187], [514, 708, 783, 581, 441, 965, 270, 699, 534, 302, 235, 467, 938, 31, 101, 977, 515, 544, 219, 618, 0, 834, 658, 996, 963, 205, 64, 274, 333, 626, 552, 104, 936, 49, 617, 101, 849, 401, 288, 760, 33, 802, 748, 675, 968, 265, 63, 923, 349, 593], [559, 799, 339, 513, 54, 272, 641, 94, 29, 720, 101, 188, 777, 688, 822, 297, 10, 279, 772, 226, 834, 0, 225, 762, 323, 321, 603, 575, 405, 119, 118, 675, 245, 877, 394, 87, 318, 733, 466, 114, 39, 75, 736, 120, 343, 141, 485, 276, 181, 993], [375, 313, 876, 348, 647, 997, 942, 897, 480, 651, 50, 687, 642, 426, 733, 105, 495, 936, 582, 266, 658, 225, 0, 347, 334, 766, 951, 379, 888, 945, 910, 497, 765, 751, 618, 910, 653, 45, 338, 276, 319, 94, 504, 98, 363, 350, 225, 412, 92, 722], [412, 437, 463, 313, 968, 189, 699, 791, 292, 848, 389, 22, 11, 600, 709, 247, 634, 837, 152, 468, 996, 762, 347, 0, 402, 790, 293, 650, 326, 29, 136, 608, 815, 128, 873, 114, 575, 251, 131, 626, 199, 998, 764, 307, 565, 972, 261, 894, 349, 233], [205, 254, 391, 602, 975, 107, 440, 973, 968, 300, 16, 490, 909, 856, 935, 438, 982, 20, 302, 67, 963, 323, 334, 402, 0, 436, 332, 167, 785, 12, 239, 593, 747, 950, 498, 131, 296, 454, 839, 572, 262, 986, 168, 935, 641, 104, 117, 166, 423, 436], [472, 909, 958, 889, 257, 525, 533, 114, 527, 865, 22, 620, 391, 383, 290, 68, 923, 916, 347, 102, 205, 321, 766, 790, 436, 0, 599, 186, 671, 1, 125, 987, 988, 731, 687, 1, 299, 742, 98, 627, 52, 755, 139, 53, 128, 836, 775, 266, 183, 914], [658, 982, 673, 62, 278, 421, 793, 557, 445, 511, 790, 210, 765, 775, 126, 388, 524, 995, 483, 533, 64, 603, 951, 293, 332, 599, 0, 399, 667, 575, 989, 328, 637, 785, 584, 782, 261, 79, 169, 951, 227, 325, 318, 819, 437, 553, 961, 344, 613, 416], [38, 427, 747, 372, 929, 407, 792, 147, 637, 370, 196, 600, 471, 626, 761, 40, 916, 837, 272, 828, 274, 575, 379, 650, 167, 186, 399, 0, 200, 408, 654, 848, 377, 547, 456, 743, 773, 707, 561, 188, 47, 318, 699, 377, 0, 644, 443, 762, 624, 659], [25, 926, 427, 324, 845, 346, 146, 589, 246, 258, 8, 594, 938, 695, 492, 465, 421, 933, 132, 491, 333, 405, 888, 326, 785, 671, 667, 200, 0, 306, 23, 526, 816, 202, 726, 668, 392, 928, 859, 919, 139, 265, 545, 657, 392, 940, 933, 761, 227, 102], [627, 324, 450, 883, 79, 570, 628, 673, 453, 496, 797, 928, 814, 302, 853, 904, 894, 6, 304, 532, 626, 119, 945, 29, 12, 1, 575, 408, 306, 0, 340, 860, 257, 170, 184, 235, 619, 590, 185, 659, 989, 182, 730, 698, 780, 334, 88, 410, 114, 840], [340, 4, 213, 340, 250, 810, 23, 951, 466, 823, 697, 479, 297, 443, 927, 812, 870, 915, 474, 686, 552, 118, 910, 136, 239, 125, 989, 654, 23, 340, 0, 408, 538, 970, 523, 638, 689, 58, 228, 581, 75, 645, 193, 766, 878, 607, 812, 205, 339, 697], [186, 731, 463, 727, 234, 993, 438, 384, 375, 414, 348, 797, 786, 837, 916, 367, 257, 590, 514, 378, 104, 675, 497, 608, 593, 987, 328, 848, 526, 860, 408, 0, 592, 575, 986, 658, 215, 498, 670, 375, 505, 885, 110, 544, 186, 680, 93, 809, 320, 773], [777, 102, 873, 749, 259, 879, 879, 793, 45, 470, 9, 76, 691, 414, 233, 83, 703, 999, 667, 665, 936, 245, 765, 815, 747, 988, 637, 377, 816, 257, 538, 592, 0, 887, 640, 436, 259, 501, 874, 71, 890, 868, 159, 229, 415, 171, 436, 494, 756, 703], [405, 774, 486, 64, 484, 780, 375, 387, 221, 381, 171, 760, 350, 859, 662, 597, 70, 768, 476, 493, 49, 877, 751, 128, 950, 731, 785, 547, 202, 170, 970, 575, 887, 0, 548, 309, 648, 211, 818, 920, 180, 829, 695, 194, 454, 812, 937, 882, 153, 598], [87, 644, 98, 535, 235, 634, 8, 903, 395, 429, 158, 20, 722, 921, 412, 911, 4, 596, 597, 926, 617, 394, 618, 873, 498, 687, 584, 456, 726, 184, 523, 986, 640, 548, 0, 808, 431, 919, 421, 526, 905, 422, 671, 664, 435, 864, 351, 982, 875, 256], [231, 691, 258, 912, 563, 216, 396, 140, 605, 574, 105, 58, 390, 798, 904, 529, 655, 469, 202, 94, 101, 87, 910, 114, 131, 1, 782, 743, 668, 235, 638, 658, 436, 309, 808, 0, 276, 534, 339, 527, 944, 63, 9, 158, 345, 726, 379, 130, 29, 497], [137, 586, 632, 632, 388, 415, 857, 498, 902, 827, 302, 361, 659, 587, 342, 983, 929, 612, 806, 163, 849, 318, 653, 575, 296, 299, 261, 773, 392, 619, 689, 215, 259, 648, 431, 276, 0, 842, 412, 937, 635, 42, 258, 599, 675, 896, 320, 689, 10, 582], [319, 594, 668, 515, 415, 217, 732, 325, 294, 330, 456, 344, 399, 272, 611, 668, 643, 522, 356, 480, 401, 733, 45, 251, 454, 742, 79, 707, 928, 590, 58, 498, 501, 211, 919, 534, 842, 0, 178, 780, 52, 142, 69, 1, 589, 439, 228, 456, 354, 527], [872, 78, 840, 620, 655, 832, 97, 164, 134, 822, 167, 950, 621, 368, 621, 987, 547, 754, 83, 340, 288, 466, 338, 131, 839, 98, 169, 561, 859, 185, 228, 670, 874, 818, 421, 339, 412, 178, 0, 344, 894, 620, 774, 86, 366, 964, 848, 15, 205, 364], [258, 173, 125, 750, 368, 775, 114, 710, 406, 270, 530, 449, 292, 246, 488, 673, 380, 436, 324, 79, 760, 114, 276, 626, 572, 627, 951, 188, 919, 659, 581, 375, 71, 920, 526, 527, 937, 780, 344, 0, 248, 462, 821, 335, 953, 469, 55, 119, 628, 280], [554, 487, 492, 528, 737, 309, 302, 772, 921, 247, 234, 116, 29, 163, 259, 606, 353, 581, 802, 159, 33, 39, 319, 199, 262, 52, 227, 47, 139, 989, 75, 505, 890, 180, 905, 944, 635, 52, 894, 248, 0, 817, 974, 53, 159, 843, 32, 965, 7, 951], [868, 698, 893, 704, 677, 536, 286, 135, 960, 652, 178, 254, 485, 454, 344, 347, 443, 243, 878, 239, 802, 75, 94, 998, 986, 755, 325, 318, 265, 182, 645, 885, 868, 829, 422, 63, 42, 142, 620, 462, 817, 0, 99, 508, 649, 243, 1, 602, 60, 190], [32, 631, 178, 643, 484, 80, 867, 786, 658, 688, 475, 326, 91, 942, 496, 976, 923, 165, 404, 186, 748, 736, 504, 764, 168, 139, 318, 699, 545, 730, 193, 110, 159, 695, 671, 9, 258, 69, 774, 821, 974, 99, 0, 355, 389, 962, 685, 451, 839, 498], [882, 758, 271, 350, 967, 80, 212, 356, 496, 565, 778, 458, 135, 389, 119, 59, 123, 506, 33, 426, 675, 120, 98, 307, 935, 53, 819, 377, 657, 698, 766, 544, 229, 194, 664, 158, 599, 1, 86, 335, 53, 508, 355, 0, 159, 34, 161, 322, 334, 275], [868, 209, 985, 910, 98, 690, 971, 336, 460, 347, 857, 127, 658, 64, 778, 686, 88, 36, 430, 420, 968, 343, 363, 565, 641, 128, 437, 0, 392, 780, 878, 186, 415, 454, 435, 345, 675, 589, 366, 953, 159, 649, 389, 159, 0, 782, 936, 549, 404, 531], [466, 598, 292, 149, 684, 992, 203, 692, 1000, 389, 840, 97, 462, 887, 556, 89, 194, 856, 733, 240, 265, 141, 350, 972, 104, 836, 553, 644, 940, 334, 607, 680, 171, 812, 864, 726, 896, 439, 964, 469, 843, 243, 962, 34, 782, 0, 763, 625, 844, 305], [886, 138, 228, 362, 983, 450, 897, 715, 833, 623, 492, 590, 16, 248, 803, 112, 45, 764, 330, 177, 63, 485, 225, 261, 117, 775, 961, 443, 933, 88, 812, 93, 436, 937, 351, 379, 320, 228, 848, 55, 32, 1, 685, 161, 936, 763, 0, 678, 180, 229], [615, 370, 537, 388, 783, 316, 675, 161, 151, 239, 631, 9, 771, 46, 439, 762, 151, 14, 81, 541, 923, 276, 412, 894, 166, 266, 344, 762, 761, 410, 205, 809, 494, 882, 982, 130, 689, 456, 15, 119, 965, 602, 451, 322, 549, 625, 678, 0, 965, 344], [207, 406, 169, 813, 417, 892, 205, 530, 383, 437, 238, 103, 816, 864, 842, 178, 163, 82, 601, 281, 349, 181, 92, 349, 423, 183, 613, 624, 227, 114, 339, 320, 756, 153, 875, 29, 10, 354, 205, 628, 7, 60, 839, 334, 404, 844, 180, 965, 0, 890], [788, 773, 348, 129, 519, 186, 557, 639, 22, 723, 909, 942, 82, 574, 325, 542, 348, 628, 963, 187, 593, 993, 722, 233, 436, 914, 416, 659, 102, 840, 697, 773, 703, 598, 256, 497, 582, 527, 364, 280, 951, 190, 498, 275, 531, 305, 229, 344, 890, 0]] \n",
    "M100 = [[0, 639, 920, 893, 910, 488, 167, 251, 602, 67, 60, 358, 866, 133, 643, 650, 699, 491, 775, 135, 251, 889, 3, 380, 328, 128, 468, 741, 957, 371, 502, 984, 796, 122, 313, 749, 479, 785, 936, 933, 539, 852, 92, 652, 696, 819, 383, 851, 616, 900, 949, 754, 696, 54, 770, 240, 430, 658, 751, 205, 815, 115, 372, 400, 398, 202, 756, 473, 33, 762, 102, 821, 186, 167, 756, 990, 672, 331, 581, 806, 789, 956, 77, 370, 955, 418, 523, 11, 712, 854, 94, 243, 812, 953, 311, 914, 652, 799, 195, 256], [639, 0, 152, 407, 812, 409, 278, 833, 610, 193, 689, 674, 889, 676, 427, 315, 361, 744, 569, 482, 742, 701, 372, 915, 358, 92, 710, 330, 676, 313, 34, 657, 137, 626, 831, 586, 783, 562, 288, 961, 635, 304, 523, 964, 733, 188, 621, 799, 358, 170, 65, 678, 565, 947, 301, 142, 596, 556, 884, 987, 799, 923, 205, 115, 467, 367, 139, 365, 219, 928, 133, 745, 944, 26, 382, 533, 517, 693, 369, 285, 742, 508, 615, 445, 880, 36, 893, 709, 949, 750, 960, 65, 29, 517, 319, 298, 188, 586, 160, 983], [920, 152, 0, 146, 139, 483, 405, 572, 659, 490, 652, 495, 789, 677, 255, 432, 872, 778, 235, 266, 159, 939, 453, 60, 381, 807, 305, 788, 220, 587, 800, 98, 493, 800, 163, 890, 680, 372, 420, 82, 589, 700, 821, 78, 460, 888, 906, 875, 776, 966, 298, 999, 742, 376, 973, 746, 602, 437, 72, 3, 299, 964, 101, 627, 90, 374, 429, 714, 502, 888, 37, 362, 820, 930, 771, 261, 793, 473, 706, 700, 60, 405, 281, 801, 838, 138, 917, 766, 871, 111, 249, 706, 800, 306, 770, 240, 316, 233, 989, 565], [893, 407, 146, 0, 697, 861, 330, 961, 196, 468, 625, 980, 482, 267, 603, 108, 653, 854, 674, 901, 253, 532, 172, 439, 299, 308, 314, 434, 745, 744, 553, 38, 250, 708, 794, 504, 929, 391, 678, 135, 695, 53, 586, 621, 932, 65, 66, 818, 266, 568, 873, 157, 245, 689, 203, 770, 307, 522, 621, 360, 642, 333, 490, 799, 223, 793, 568, 559, 485, 756, 105, 887, 500, 54, 983, 544, 515, 483, 332, 446, 155, 157, 275, 418, 777, 471, 324, 244, 685, 619, 911, 934, 460, 930, 582, 924, 422, 784, 142, 238], [910, 812, 139, 697, 0, 790, 277, 118, 532, 527, 825, 784, 596, 283, 205, 880, 43, 8, 140, 46, 803, 796, 609, 105, 916, 726, 821, 101, 597, 150, 671, 605, 807, 235, 947, 951, 0, 902, 449, 478, 733, 428, 277, 823, 195, 583, 690, 72, 956, 102, 277, 625, 961, 36, 971, 625, 802, 561, 287, 823, 299, 768, 751, 145, 588, 489, 394, 777, 672, 907, 172, 839, 88, 318, 773, 588, 304, 629, 666, 658, 229, 325, 213, 86, 646, 951, 566, 910, 875, 427, 503, 141, 357, 547, 615, 158, 43, 378, 381, 890], [488, 409, 483, 861, 790, 0, 624, 717, 638, 306, 171, 90, 675, 699, 649, 736, 548, 979, 18, 508, 288, 279, 660, 505, 240, 555, 644, 134, 728, 939, 506, 229, 552, 43, 563, 461, 473, 609, 866, 961, 381, 170, 916, 769, 342, 738, 169, 115, 600, 33, 554, 905, 147, 941, 193, 849, 643, 742, 536, 4, 12, 622, 770, 88, 699, 149, 25, 325, 824, 214, 99, 953, 669, 395, 394, 472, 546, 737, 270, 335, 46, 200, 736, 849, 644, 765, 410, 704, 539, 145, 748, 215, 461, 202, 574, 962, 204, 873, 126, 726], [167, 278, 405, 330, 277, 624, 0, 236, 860, 172, 3, 501, 935, 862, 310, 940, 479, 69, 462, 342, 1000, 191, 496, 634, 514, 677, 151, 900, 191, 889, 906, 37, 716, 836, 704, 962, 359, 692, 245, 333, 322, 155, 860, 460, 895, 220, 342, 611, 334, 974, 629, 368, 385, 693, 682, 499, 760, 816, 603, 716, 621, 483, 928, 689, 258, 3, 154, 420, 725, 313, 944, 684, 893, 882, 341, 894, 970, 758, 727, 273, 160, 764, 782, 467, 756, 285, 508, 240, 512, 31, 135, 216, 976, 0, 75, 544, 5, 488, 666, 269], [251, 833, 572, 961, 118, 717, 236, 0, 529, 704, 303, 560, 194, 114, 87, 906, 719, 930, 648, 373, 59, 730, 575, 209, 735, 750, 990, 857, 932, 564, 129, 949, 951, 966, 927, 607, 601, 551, 121, 705, 640, 765, 637, 552, 818, 834, 669, 837, 879, 268, 794, 584, 684, 795, 816, 711, 754, 33, 123, 408, 886, 584, 821, 126, 571, 937, 168, 426, 257, 765, 386, 338, 598, 227, 627, 447, 613, 20, 723, 47, 509, 3, 931, 698, 534, 198, 493, 418, 140, 505, 987, 159, 620, 643, 776, 338, 596, 352, 256, 424], [602, 610, 659, 196, 532, 638, 860, 529, 0, 74, 223, 305, 174, 875, 251, 116, 355, 717, 867, 54, 168, 405, 13, 290, 691, 795, 654, 526, 662, 393, 955, 886, 345, 824, 714, 812, 28, 598, 876, 417, 411, 43, 88, 399, 998, 708, 608, 494, 877, 109, 993, 89, 36, 662, 327, 786, 8, 475, 570, 905, 809, 438, 485, 240, 363, 599, 589, 411, 107, 359, 596, 826, 231, 497, 117, 115, 683, 722, 282, 76, 84, 706, 879, 914, 787, 531, 133, 402, 40, 272, 269, 620, 882, 227, 606, 564, 823, 942, 579, 861], [67, 193, 490, 468, 527, 306, 172, 704, 74, 0, 165, 630, 649, 800, 244, 302, 454, 18, 972, 786, 777, 607, 399, 863, 611, 338, 444, 418, 202, 32, 957, 489, 346, 117, 174, 679, 28, 148, 192, 93, 609, 25, 24, 86, 18, 198, 726, 562, 172, 430, 287, 169, 592, 223, 231, 434, 215, 359, 197, 515, 688, 624, 896, 7, 909, 452, 342, 921, 624, 308, 448, 113, 575, 694, 932, 47, 708, 804, 101, 825, 361, 455, 952, 431, 786, 495, 970, 797, 575, 291, 362, 39, 551, 125, 608, 860, 842, 720, 313, 677], [60, 689, 652, 625, 825, 171, 3, 303, 223, 165, 0, 109, 487, 205, 742, 150, 887, 218, 106, 702, 300, 199, 367, 940, 538, 368, 927, 788, 57, 599, 567, 825, 329, 740, 728, 521, 939, 737, 78, 323, 225, 738, 581, 472, 165, 939, 116, 187, 662, 180, 50, 338, 432, 726, 208, 23, 322, 303, 68, 993, 903, 233, 519, 55, 344, 559, 881, 52, 691, 578, 988, 924, 693, 199, 64, 206, 451, 237, 796, 59, 530, 639, 76, 772, 340, 320, 498, 634, 554, 496, 597, 423, 536, 603, 25, 200, 655, 495, 943, 98], [358, 674, 495, 980, 784, 90, 501, 560, 305, 630, 109, 0, 240, 73, 319, 544, 780, 574, 646, 552, 436, 340, 780, 562, 661, 266, 855, 880, 173, 858, 364, 707, 750, 284, 899, 766, 534, 739, 199, 805, 279, 647, 256, 779, 968, 891, 399, 946, 640, 357, 443, 204, 682, 601, 987, 124, 464, 881, 96, 671, 384, 308, 419, 77, 427, 739, 135, 344, 775, 736, 983, 841, 178, 355, 421, 699, 994, 973, 596, 129, 45, 88, 479, 792, 3, 339, 821, 819, 852, 407, 77, 35, 582, 636, 850, 247, 264, 400, 486, 552], [866, 889, 789, 482, 596, 675, 935, 194, 174, 649, 487, 240, 0, 183, 646, 67, 222, 542, 828, 154, 642, 228, 879, 793, 859, 181, 127, 720, 400, 986, 445, 504, 572, 392, 989, 347, 769, 720, 811, 156, 6, 92, 229, 814, 756, 492, 864, 724, 351, 534, 531, 241, 947, 10, 808, 949, 13, 943, 440, 796, 385, 831, 209, 120, 132, 696, 724, 610, 322, 213, 52, 916, 702, 25, 932, 415, 383, 566, 927, 138, 285, 291, 811, 688, 405, 354, 107, 278, 236, 23, 446, 144, 543, 442, 287, 198, 108, 61, 489, 295], [133, 676, 677, 267, 283, 699, 862, 114, 875, 800, 205, 73, 183, 0, 443, 402, 182, 106, 509, 544, 638, 728, 986, 75, 469, 969, 768, 675, 177, 128, 945, 341, 175, 639, 777, 393, 849, 862, 699, 76, 876, 437, 994, 224, 575, 840, 257, 775, 777, 511, 3, 228, 219, 493, 233, 894, 404, 1000, 46, 212, 12, 971, 518, 810, 855, 580, 999, 471, 69, 30, 396, 756, 583, 743, 261, 86, 316, 673, 251, 71, 176, 664, 110, 808, 818, 102, 290, 390, 722, 100, 750, 816, 992, 836, 77, 330, 851, 313, 640, 727], [643, 427, 255, 603, 205, 649, 310, 87, 251, 244, 742, 319, 646, 443, 0, 719, 4, 97, 832, 277, 641, 194, 625, 145, 871, 821, 682, 890, 852, 496, 583, 904, 648, 592, 748, 150, 853, 822, 753, 378, 7, 196, 769, 326, 349, 284, 61, 364, 975, 42, 605, 223, 86, 469, 830, 263, 19, 511, 934, 11, 852, 933, 464, 959, 182, 315, 607, 506, 256, 937, 723, 460, 129, 897, 917, 498, 4, 521, 935, 86, 280, 162, 730, 709, 940, 229, 467, 421, 403, 287, 417, 52, 700, 635, 769, 311, 782, 505, 588, 337], [650, 315, 432, 108, 880, 736, 940, 906, 116, 302, 150, 544, 67, 402, 719, 0, 18, 684, 628, 727, 461, 518, 481, 783, 209, 8, 584, 569, 321, 916, 377, 807, 754, 700, 601, 294, 775, 192, 227, 661, 981, 1000, 788, 371, 284, 205, 898, 456, 305, 282, 387, 926, 518, 52, 416, 338, 808, 99, 925, 162, 399, 567, 358, 956, 803, 739, 365, 373, 24, 949, 214, 816, 452, 729, 315, 82, 878, 401, 978, 387, 410, 42, 802, 315, 921, 936, 537, 253, 13, 704, 483, 764, 35, 196, 68, 650, 303, 197, 669, 168], [699, 361, 872, 653, 43, 548, 479, 719, 355, 454, 887, 780, 222, 182, 4, 18, 0, 786, 264, 1, 389, 558, 115, 539, 575, 184, 367, 172, 544, 683, 726, 583, 494, 889, 686, 780, 817, 98, 25, 220, 443, 528, 54, 65, 7, 178, 236, 760, 616, 737, 802, 843, 504, 343, 152, 110, 828, 636, 234, 999, 682, 801, 704, 786, 622, 678, 512, 618, 444, 469, 252, 449, 946, 58, 47, 21, 545, 431, 231, 932, 272, 149, 902, 938, 599, 657, 683, 591, 398, 396, 722, 806, 16, 5, 737, 949, 270, 603, 178, 333], [491, 744, 778, 854, 8, 979, 69, 930, 717, 18, 218, 574, 542, 106, 97, 684, 786, 0, 334, 357, 294, 608, 422, 71, 193, 903, 557, 676, 516, 424, 671, 356, 138, 499, 743, 444, 554, 947, 763, 575, 115, 824, 12, 320, 255, 186, 677, 493, 751, 873, 919, 631, 73, 784, 782, 237, 641, 337, 981, 771, 26, 584, 927, 281, 657, 570, 343, 391, 329, 478, 409, 565, 963, 905, 957, 283, 676, 578, 525, 114, 150, 291, 823, 125, 59, 841, 32, 325, 632, 510, 787, 304, 975, 451, 696, 41, 868, 151, 769, 203], [775, 569, 235, 674, 140, 18, 462, 648, 867, 972, 106, 646, 828, 509, 832, 628, 264, 334, 0, 752, 229, 561, 929, 645, 514, 737, 215, 221, 885, 974, 327, 361, 366, 25, 302, 550, 732, 123, 418, 640, 540, 335, 637, 211, 920, 24, 340, 103, 613, 967, 266, 413, 249, 161, 952, 860, 400, 737, 937, 987, 972, 759, 968, 283, 854, 519, 47, 323, 84, 635, 703, 785, 39, 977, 650, 502, 660, 801, 969, 136, 988, 995, 806, 220, 560, 312, 341, 207, 836, 270, 463, 493, 319, 67, 23, 135, 362, 208, 959, 399], [135, 482, 266, 901, 46, 508, 342, 373, 54, 786, 702, 552, 154, 544, 277, 727, 1, 357, 752, 0, 703, 763, 250, 253, 679, 143, 458, 275, 897, 589, 457, 954, 79, 752, 837, 990, 839, 27, 562, 40, 740, 575, 308, 456, 982, 52, 289, 978, 382, 456, 134, 236, 586, 445, 995, 346, 959, 72, 864, 349, 352, 722, 648, 402, 233, 670, 480, 540, 203, 420, 110, 905, 496, 528, 402, 105, 299, 615, 459, 80, 655, 978, 723, 141, 358, 657, 775, 304, 263, 836, 331, 180, 599, 817, 44, 201, 707, 302, 245, 756], [251, 742, 159, 253, 803, 288, 1000, 59, 168, 777, 300, 436, 642, 638, 641, 461, 389, 294, 229, 703, 0, 707, 864, 363, 67, 119, 543, 571, 105, 896, 327, 91, 87, 721, 515, 853, 170, 959, 742, 506, 928, 699, 437, 831, 191, 375, 519, 941, 253, 670, 594, 530, 991, 225, 283, 179, 948, 238, 817, 674, 859, 729, 417, 410, 636, 262, 928, 73, 192, 835, 386, 732, 461, 6, 827, 415, 48, 364, 449, 422, 854, 575, 461, 13, 961, 38, 391, 287, 57, 828, 374, 449, 751, 288, 329, 669, 34, 271, 979, 142], [889, 701, 939, 532, 796, 279, 191, 730, 405, 607, 199, 340, 228, 728, 194, 518, 558, 608, 561, 763, 707, 0, 999, 252, 192, 421, 887, 37, 89, 8, 664, 79, 295, 406, 326, 980, 806, 31, 43, 137, 588, 734, 456, 1, 310, 322, 506, 889, 561, 585, 468, 319, 680, 649, 589, 663, 36, 898, 244, 413, 799, 88, 939, 56, 563, 718, 643, 448, 789, 334, 818, 787, 283, 352, 165, 821, 109, 192, 955, 200, 896, 631, 213, 494, 289, 467, 565, 764, 734, 186, 629, 19, 193, 890, 763, 48, 7, 796, 64, 68], [3, 372, 453, 172, 609, 660, 496, 575, 13, 399, 367, 780, 879, 986, 625, 481, 115, 422, 929, 250, 864, 999, 0, 14, 311, 926, 283, 78, 527, 778, 611, 346, 510, 848, 702, 561, 417, 582, 86, 241, 317, 821, 700, 708, 65, 709, 672, 403, 821, 981, 636, 75, 392, 821, 835, 990, 793, 545, 66, 122, 144, 989, 672, 146, 512, 51, 626, 821, 893, 207, 63, 901, 614, 526, 350, 967, 591, 228, 635, 88, 291, 71, 887, 801, 770, 772, 400, 237, 417, 11, 690, 490, 90, 674, 1000, 791, 822, 722, 308, 775], [380, 915, 60, 439, 105, 505, 634, 209, 290, 863, 940, 562, 793, 75, 145, 783, 539, 71, 645, 253, 363, 252, 14, 0, 364, 647, 865, 253, 727, 974, 226, 630, 400, 719, 531, 567, 519, 647, 452, 245, 507, 267, 335, 262, 324, 872, 776, 893, 544, 914, 156, 316, 627, 246, 34, 822, 413, 32, 410, 628, 991, 454, 171, 694, 279, 204, 684, 940, 191, 838, 576, 290, 516, 985, 272, 509, 950, 624, 753, 32, 120, 420, 875, 545, 654, 140, 892, 44, 238, 300, 396, 425, 541, 341, 994, 872, 61, 109, 811, 477], [328, 358, 381, 299, 916, 240, 514, 735, 691, 611, 538, 661, 859, 469, 871, 209, 575, 193, 514, 679, 67, 192, 311, 364, 0, 939, 798, 667, 749, 831, 572, 865, 478, 887, 837, 823, 172, 701, 493, 807, 203, 528, 752, 38, 922, 857, 518, 859, 36, 97, 219, 214, 646, 961, 473, 710, 249, 226, 80, 804, 261, 457, 617, 145, 947, 764, 75, 580, 764, 780, 565, 11, 808, 416, 52, 269, 662, 550, 927, 115, 632, 522, 52, 393, 588, 954, 845, 430, 866, 715, 107, 599, 544, 953, 675, 230, 805, 853, 48, 963], [128, 92, 807, 308, 726, 555, 677, 750, 795, 338, 368, 266, 181, 969, 821, 8, 184, 903, 737, 143, 119, 421, 926, 647, 939, 0, 91, 446, 463, 304, 792, 133, 59, 51, 384, 208, 930, 928, 339, 4, 237, 401, 749, 484, 640, 38, 849, 964, 690, 31, 838, 697, 238, 450, 8, 662, 678, 296, 33, 415, 740, 414, 928, 608, 478, 363, 175, 277, 700, 387, 19, 260, 880, 911, 513, 485, 472, 683, 121, 199, 366, 621, 802, 738, 115, 39, 424, 916, 570, 159, 599, 485, 453, 621, 321, 565, 670, 621, 342, 388], [468, 710, 305, 314, 821, 644, 151, 990, 654, 444, 927, 855, 127, 768, 682, 584, 367, 557, 215, 458, 543, 887, 283, 865, 798, 91, 0, 206, 246, 252, 146, 611, 242, 709, 243, 605, 133, 673, 497, 373, 370, 12, 715, 132, 238, 875, 930, 341, 126, 838, 771, 317, 399, 729, 980, 312, 516, 188, 605, 25, 173, 801, 551, 20, 315, 945, 59, 389, 153, 307, 578, 625, 275, 532, 19, 164, 887, 996, 301, 124, 318, 963, 269, 943, 190, 84, 132, 616, 888, 625, 627, 745, 690, 705, 34, 636, 301, 836, 959, 264], [741, 330, 788, 434, 101, 134, 900, 857, 526, 418, 788, 880, 720, 675, 890, 569, 172, 676, 221, 275, 571, 37, 78, 253, 667, 446, 206, 0, 868, 295, 482, 122, 533, 732, 699, 815, 357, 35, 425, 715, 602, 253, 325, 740, 75, 12, 458, 292, 348, 446, 31, 878, 476, 434, 477, 242, 645, 784, 708, 170, 389, 801, 540, 384, 528, 111, 909, 791, 169, 66, 344, 329, 901, 150, 656, 329, 48, 354, 642, 133, 224, 923, 948, 334, 281, 795, 652, 538, 953, 844, 675, 274, 567, 799, 601, 982, 20, 822, 761, 65], [957, 676, 220, 745, 597, 728, 191, 932, 662, 202, 57, 173, 400, 177, 852, 321, 544, 516, 885, 897, 105, 89, 527, 727, 749, 463, 246, 868, 0, 564, 316, 755, 346, 445, 784, 372, 348, 434, 308, 96, 300, 109, 391, 220, 992, 608, 862, 403, 435, 787, 474, 612, 794, 354, 286, 15, 747, 726, 20, 781, 412, 991, 240, 160, 227, 762, 134, 823, 719, 746, 680, 378, 701, 815, 42, 702, 103, 107, 650, 825, 742, 778, 811, 510, 144, 957, 502, 434, 903, 825, 859, 169, 661, 260, 933, 451, 387, 618, 756, 477], [371, 313, 587, 744, 150, 939, 889, 564, 393, 32, 599, 858, 986, 128, 496, 916, 683, 424, 974, 589, 896, 8, 778, 974, 831, 304, 252, 295, 564, 0, 373, 566, 299, 19, 306, 533, 462, 981, 912, 223, 752, 493, 581, 108, 252, 676, 798, 476, 234, 189, 522, 650, 419, 386, 722, 599, 482, 537, 452, 724, 854, 296, 973, 948, 487, 761, 19, 715, 969, 604, 28, 547, 78, 587, 991, 542, 930, 321, 345, 422, 884, 888, 329, 107, 40, 250, 654, 66, 37, 624, 573, 866, 847, 709, 134, 745, 361, 289, 343, 163], [502, 34, 800, 553, 671, 506, 906, 129, 955, 957, 567, 364, 445, 945, 583, 377, 726, 671, 327, 457, 327, 664, 611, 226, 572, 792, 146, 482, 316, 373, 0, 692, 898, 787, 452, 26, 180, 226, 284, 87, 360, 276, 438, 473, 426, 867, 479, 888, 659, 393, 541, 696, 388, 142, 906, 886, 65, 683, 209, 284, 780, 962, 451, 574, 402, 382, 454, 559, 737, 233, 797, 200, 347, 348, 787, 520, 6, 175, 10, 277, 447, 852, 44, 331, 378, 170, 166, 758, 50, 562, 956, 401, 891, 375, 469, 379, 591, 562, 128, 669], [984, 657, 98, 38, 605, 229, 37, 949, 886, 489, 825, 707, 504, 341, 904, 807, 583, 356, 361, 954, 91, 79, 346, 630, 865, 133, 611, 122, 755, 566, 692, 0, 14, 622, 976, 928, 785, 988, 374, 427, 57, 258, 309, 921, 760, 278, 337, 875, 875, 446, 409, 866, 775, 454, 219, 377, 723, 54, 194, 35, 198, 198, 515, 408, 537, 297, 603, 404, 84, 65, 849, 45, 784, 115, 908, 241, 796, 197, 138, 166, 190, 671, 823, 260, 343, 818, 928, 126, 775, 4, 982, 902, 117, 770, 1, 929, 104, 28, 786, 12], [796, 137, 493, 250, 807, 552, 716, 951, 345, 346, 329, 750, 572, 175, 648, 754, 494, 138, 366, 79, 87, 295, 510, 400, 478, 59, 242, 533, 346, 299, 898, 14, 0, 868, 682, 448, 93, 626, 753, 335, 291, 546, 536, 297, 798, 887, 706, 986, 135, 651, 881, 975, 617, 823, 176, 87, 212, 606, 62, 331, 405, 640, 382, 573, 384, 24, 850, 808, 538, 138, 980, 964, 756, 623, 851, 812, 255, 34, 554, 263, 135, 282, 121, 569, 285, 425, 64, 531, 550, 579, 404, 571, 466, 47, 199, 879, 6, 820, 838, 980], [122, 626, 800, 708, 235, 43, 836, 966, 824, 117, 740, 284, 392, 639, 592, 700, 889, 499, 25, 752, 721, 406, 848, 719, 887, 51, 709, 732, 445, 19, 787, 622, 868, 0, 363, 283, 760, 217, 651, 905, 619, 422, 95, 854, 111, 547, 857, 423, 418, 594, 542, 383, 366, 453, 757, 95, 737, 684, 676, 180, 809, 613, 293, 630, 103, 102, 653, 740, 40, 738, 904, 991, 347, 408, 726, 481, 438, 247, 833, 872, 646, 922, 700, 261, 708, 360, 581, 196, 46, 308, 156, 600, 298, 442, 685, 157, 852, 784, 574, 333], [313, 831, 163, 794, 947, 563, 704, 927, 714, 174, 728, 899, 989, 777, 748, 601, 686, 743, 302, 837, 515, 326, 702, 531, 837, 384, 243, 699, 784, 306, 452, 976, 682, 363, 0, 873, 276, 816, 872, 131, 247, 350, 675, 596, 971, 303, 70, 525, 567, 124, 932, 199, 557, 791, 95, 456, 67, 757, 495, 516, 865, 968, 140, 738, 550, 988, 509, 454, 911, 830, 616, 672, 138, 82, 868, 600, 613, 525, 783, 507, 836, 450, 263, 794, 799, 502, 411, 347, 418, 991, 464, 970, 445, 506, 707, 814, 625, 496, 985, 138], [749, 586, 890, 504, 951, 461, 962, 607, 812, 679, 521, 766, 347, 393, 150, 294, 780, 444, 550, 990, 853, 980, 561, 567, 823, 208, 605, 815, 372, 533, 26, 928, 448, 283, 873, 0, 657, 410, 969, 554, 179, 86, 891, 546, 60, 301, 525, 636, 441, 260, 460, 692, 185, 314, 813, 837, 9, 865, 338, 212, 53, 973, 7, 228, 973, 777, 768, 558, 381, 557, 167, 292, 445, 575, 112, 900, 597, 870, 568, 108, 30, 479, 921, 916, 29, 177, 980, 494, 726, 156, 259, 407, 920, 945, 58, 36, 327, 288, 840, 844], [479, 783, 680, 929, 0, 473, 359, 601, 28, 28, 939, 534, 769, 849, 853, 775, 817, 554, 732, 839, 170, 806, 417, 519, 172, 930, 133, 357, 348, 462, 180, 785, 93, 760, 276, 657, 0, 609, 97, 848, 73, 724, 355, 985, 643, 676, 173, 178, 844, 701, 292, 65, 142, 894, 134, 510, 849, 566, 888, 843, 287, 929, 137, 751, 447, 842, 183, 175, 399, 52, 762, 525, 245, 100, 226, 311, 543, 699, 214, 888, 739, 764, 896, 418, 388, 999, 973, 344, 613, 209, 923, 1, 68, 890, 215, 529, 70, 20, 358, 962], [785, 562, 372, 391, 902, 609, 692, 551, 598, 148, 737, 739, 720, 862, 822, 192, 98, 947, 123, 27, 959, 31, 582, 647, 701, 928, 673, 35, 434, 981, 226, 988, 626, 217, 816, 410, 609, 0, 201, 693, 711, 624, 429, 117, 172, 195, 604, 560, 499, 915, 230, 90, 282, 588, 428, 506, 262, 669, 751, 905, 206, 770, 175, 466, 397, 692, 658, 704, 177, 788, 721, 127, 7, 697, 593, 121, 929, 693, 40, 959, 125, 347, 540, 814, 74, 311, 576, 686, 395, 501, 382, 188, 208, 693, 369, 583, 591, 340, 43, 29], [936, 288, 420, 678, 449, 866, 245, 121, 876, 192, 78, 199, 811, 699, 753, 227, 25, 763, 418, 562, 742, 43, 86, 452, 493, 339, 497, 425, 308, 912, 284, 374, 753, 651, 872, 969, 97, 201, 0, 72, 516, 608, 461, 20, 866, 584, 271, 550, 193, 641, 596, 404, 690, 353, 442, 194, 3, 587, 807, 646, 564, 754, 506, 711, 140, 114, 640, 862, 912, 768, 760, 538, 675, 282, 250, 120, 652, 376, 710, 117, 562, 990, 568, 389, 808, 576, 800, 90, 303, 633, 667, 41, 610, 26, 748, 230, 187, 504, 67, 516], [933, 961, 82, 135, 478, 961, 333, 705, 417, 93, 323, 805, 156, 76, 378, 661, 220, 575, 640, 40, 506, 137, 241, 245, 807, 4, 373, 715, 96, 223, 87, 427, 335, 905, 131, 554, 848, 693, 72, 0, 348, 710, 998, 387, 604, 727, 633, 58, 672, 294, 738, 710, 756, 321, 70, 273, 120, 410, 955, 425, 882, 78, 790, 273, 247, 706, 670, 754, 688, 59, 109, 968, 607, 539, 699, 406, 57, 760, 489, 379, 374, 56, 607, 647, 737, 412, 866, 337, 805, 693, 135, 428, 71, 201, 914, 718, 765, 62, 14, 388], [539, 635, 589, 695, 733, 381, 322, 640, 411, 609, 225, 279, 6, 876, 7, 981, 443, 115, 540, 740, 928, 588, 317, 507, 203, 237, 370, 602, 300, 752, 360, 57, 291, 619, 247, 179, 73, 711, 516, 348, 0, 838, 697, 618, 786, 557, 379, 23, 834, 950, 654, 485, 155, 675, 916, 24, 786, 561, 992, 796, 667, 739, 980, 928, 795, 63, 659, 175, 383, 649, 223, 634, 689, 665, 368, 292, 409, 856, 635, 73, 878, 5, 420, 629, 432, 415, 469, 43, 782, 996, 881, 587, 669, 61, 31, 991, 848, 313, 392, 218], [852, 304, 700, 53, 428, 170, 155, 765, 43, 25, 738, 647, 92, 437, 196, 1000, 528, 824, 335, 575, 699, 734, 821, 267, 528, 401, 12, 253, 109, 493, 276, 258, 546, 422, 350, 86, 724, 624, 608, 710, 838, 0, 863, 332, 937, 637, 373, 611, 922, 612, 838, 492, 75, 65, 543, 637, 13, 950, 432, 749, 454, 30, 769, 596, 551, 24, 120, 557, 562, 358, 769, 993, 609, 415, 821, 595, 220, 918, 573, 736, 871, 996, 82, 908, 583, 762, 507, 485, 721, 801, 130, 782, 90, 115, 19, 552, 200, 889, 860, 480], [92, 523, 821, 586, 277, 916, 860, 637, 88, 24, 581, 256, 229, 994, 769, 788, 54, 12, 637, 308, 437, 456, 700, 335, 752, 749, 715, 325, 391, 581, 438, 309, 536, 95, 675, 891, 355, 429, 461, 998, 697, 863, 0, 776, 976, 803, 966, 349, 343, 101, 517, 405, 599, 567, 276, 175, 493, 479, 587, 531, 176, 987, 751, 230, 650, 538, 773, 290, 312, 310, 819, 51, 724, 861, 841, 695, 511, 727, 608, 652, 199, 157, 993, 712, 485, 222, 289, 188, 181, 194, 222, 164, 443, 215, 430, 74, 699, 824, 851, 368], [652, 964, 78, 621, 823, 769, 460, 552, 399, 86, 472, 779, 814, 224, 326, 371, 65, 320, 211, 456, 831, 1, 708, 262, 38, 484, 132, 740, 220, 108, 473, 921, 297, 854, 596, 546, 985, 117, 20, 387, 618, 332, 776, 0, 661, 112, 574, 299, 388, 145, 195, 205, 321, 815, 512, 660, 969, 765, 798, 649, 895, 837, 261, 320, 995, 983, 991, 64, 92, 793, 918, 368, 260, 324, 45, 499, 482, 780, 527, 378, 463, 309, 502, 116, 957, 505, 131, 738, 922, 688, 163, 616, 411, 274, 247, 364, 286, 594, 1, 295], [696, 733, 460, 932, 195, 342, 895, 818, 998, 18, 165, 968, 756, 575, 349, 284, 7, 255, 920, 982, 191, 310, 65, 324, 922, 640, 238, 75, 992, 252, 426, 760, 798, 111, 971, 60, 643, 172, 866, 604, 786, 937, 976, 661, 0, 761, 696, 703, 74, 772, 70, 563, 353, 734, 536, 248, 342, 682, 621, 71, 17, 394, 621, 611, 797, 302, 299, 943, 918, 153, 750, 461, 382, 25, 334, 359, 466, 710, 869, 470, 773, 591, 278, 724, 702, 814, 481, 309, 894, 300, 412, 427, 844, 986, 956, 961, 677, 561, 826, 175], [819, 188, 888, 65, 583, 738, 220, 834, 708, 198, 939, 891, 492, 840, 284, 205, 178, 186, 24, 52, 375, 322, 709, 872, 857, 38, 875, 12, 608, 676, 867, 278, 887, 547, 303, 301, 676, 195, 584, 727, 557, 637, 803, 112, 761, 0, 54, 358, 513, 618, 877, 395, 161, 718, 0, 34, 570, 834, 135, 663, 928, 687, 228, 750, 169, 209, 628, 213, 40, 222, 341, 291, 174, 849, 781, 940, 316, 80, 977, 933, 82, 919, 471, 757, 700, 615, 902, 79, 658, 631, 561, 874, 392